1758084461065 0.003231772494817597 1
1758084463320 0.0021188325071081378 2
1758084465659 0.002041457450868171 3
1758084467878 0.0019806718459014785 4
1758084470073 0.001955435858530488 5
1758084472274 0.0019461752048118546 6
1758084474462 0.0019019917352634066 7
1758084476626 0.0018925721058382465 8
1758084478784 0.001879592323619061 9
1758084480958 0.001866011770849502 10
1758084483107 0.0018609079649858432 11
1758084485327 0.001872637727227099 12
1758084487460 0.0018689176046750374 13
1758084489585 0.0018527668571064187 14
1758084491745 0.0018537171132797414 15
1758084493927 0.0018485375420610065 16
